time    grid demand      wind-nuclear generated      power to grid      power to h2 system      abandoned power      stored hydrogen      
0.00    132.25    230.00    132.25    97.75    0.00    0.000    
5.00    131.77    150.00    131.77    18.23    0.03    3.558    
10.00    131.09    230.00    131.09    98.91    0.00    4.843    
15.00    131.59    163.79    131.59    32.19    0.00    8.423    
20.00    131.68    230.00    131.68    98.32    0.00    10.435    
25.00    132.31    172.07    132.31    39.76    0.00    14.004    
30.00    132.72    214.88    132.72    82.16    0.00    16.248    
35.00    132.81    214.88    132.81    82.08    0.00    19.504    
40.00    133.75    150.00    133.75    16.25    0.05    22.759    
45.00    135.65    189.95    135.65    54.31    0.00    23.902    
50.00    136.05    172.07    136.05    36.02    0.00    26.537    
56.00    136.18    230.00    136.18    93.82    0.00    29.096    
60.00    136.06    150.00    136.06    13.94    0.04    31.883    
65.00    135.41    172.07    135.41    36.66    0.00    32.865    
71.00    135.28    157.53    135.28    22.25    0.00    35.448    
75.00    135.30    150.90    135.30    15.60    0.00    36.704    
80.00    136.79    189.95    136.79    53.16    0.00    37.806    
85.00    137.31    224.48    137.31    87.17    0.00    40.412    
90.00    137.09    150.00    137.09    12.91    0.01    43.768    
95.00    136.29    230.00    136.29    93.71    0.00    44.679    
100.00    135.62    230.00    135.62    94.38    0.00    48.161    
105.00    135.10    180.07    135.10    44.97    0.00    51.656    
110.00    134.41    230.00    134.41    95.59    0.00    54.047    
115.00    133.59    189.95    133.59    56.36    0.00    57.565    
120.00    132.30    230.00    132.30    97.70    0.00    60.249    
125.00    131.72    150.00    131.72    18.28    0.03    63.807    
130.00    131.62    230.00    131.62    98.38    0.00    65.095    
135.00    131.60    224.48    131.60    92.88    0.00    68.665    
140.00    131.55    150.00    131.55    18.45    0.05    72.132    
145.00    130.75    172.07    130.75    41.32    0.00    73.431    
150.00    129.94    150.00    129.94    20.06    0.01    75.720    
155.00    129.33    230.00    129.33    100.67    0.00    77.136    
160.00    128.87    189.95    128.87    61.09    0.00    80.748    
165.00    129.16    230.00    129.16    100.84    0.00    83.546    
170.00    128.80    150.00    128.80    21.20    0.00    87.161    
175.00    128.69    163.79    128.69    35.09    0.00    88.658    
180.00    128.69    150.00    128.69    21.31    0.01    90.762    
185.00    128.40    150.00    128.40    21.60    0.05    92.266    
190.00    129.10    172.07    129.10    42.97    0.00    93.788    
195.00    128.88    230.00    128.88    101.12    0.00    96.123    
200.00    128.07    214.88    128.07    86.81    0.00    99.743    
205.00    127.05    150.90    127.05    23.85    0.00    103.092    
210.00    125.99    150.00    125.99    24.01    0.01    104.776    
215.00    125.10    150.00    125.10    24.90    0.05    106.471    
220.00    124.50    150.00    124.50    25.50    0.00    108.226    
225.00    123.77    230.00    123.77    106.23    0.00    110.009    
230.00    123.08    224.48    123.08    101.40    0.00    113.722    
235.00    122.28    163.79    122.28    41.51    0.00    117.347    
240.00    121.64    180.07    121.64    58.43    0.00    119.641    
245.00    121.36    150.00    121.36    28.64    0.00    122.376    
250.00    120.68    189.95    120.68    69.27    0.00    124.271    
255.00    120.39    180.07    120.39    59.69    0.00    127.255    
260.00    119.92    150.00    119.92    30.08    0.00    130.020    
265.00    119.97    230.00    119.97    110.03    0.00    131.963    
270.00    120.00    230.00    120.00    110.00    0.00    135.742    
275.00    119.51    150.00    119.51    30.49    0.00    139.521    
280.00    119.33    157.53    119.33    38.20    0.00    141.477    
285.00    118.92    230.00    118.92    111.08    0.00    143.676    
290.00    118.75    217.59    118.75    98.84    0.00    147.473    
295.00    118.83    230.00    118.83    111.17    0.00    151.052    
300.00    118.91    230.00    118.91    111.09    0.00    154.851    
305.00    119.19    230.00    119.19    110.81    0.00    158.649    
310.00    118.78    163.79    118.78    45.01    0.00    162.442    
315.00    118.91    214.88    118.91    95.97    0.00    164.834    
320.00    119.63    230.00    119.63    110.37    0.00    168.359    
325.00    119.70    163.79    119.70    44.09    0.00    172.144    
330.00    119.44    230.00    119.44    110.56    0.00    174.511    
336.00    119.14    180.07    119.14    60.94    0.00    179.057    
340.00    118.75    230.00    118.75    111.25    0.00    181.293    
345.00    118.61    230.00    118.61    111.39    0.00    185.093    
350.00    119.06    206.65    119.06    87.58    0.00    188.896    
355.00    119.06    230.00    119.06    110.94    0.00    192.260    
360.00    119.90    200.79    119.90    80.89    0.00    196.056    
365.00    120.20    196.96    120.20    76.76    0.00    199.286    
370.00    122.14    230.00    122.14    107.86    0.00    202.431    
375.00    123.42    230.00    123.42    106.58    0.00    206.172    
380.00    123.41    214.88    123.41    91.47    0.00    209.890    
385.00    123.62    150.00    123.62    26.38    0.00    213.330    
390.00    124.21    230.00    124.21    105.79    0.00    215.146    
395.00    124.80    200.79    124.80    75.99    0.00    218.850    
400.00    124.98    157.53    124.98    32.55    0.00    221.979    
405.00    125.09    157.53    125.09    32.44    0.00    224.003    
410.00    125.20    150.00    125.20    24.80    0.05    226.023    
415.00    125.24    157.53    125.24    32.29    0.00    227.771    
420.00    126.06    172.07    126.06    46.01    0.00    229.786    
425.00    126.70    150.00    126.70    23.30    0.05    232.206    
430.00    124.86    230.00    124.86    105.14    0.00    233.847    
435.00    124.53    150.90    124.53    26.37    0.00    237.540    
440.00    124.01    172.07    124.01    48.06    0.00    239.355    
445.00    123.59    230.00    123.59    106.41    0.00    241.829    
450.00    123.06    150.90    123.06    27.84    0.00    245.544    
455.00    123.06    157.53    123.06    34.47    0.00    247.411    
460.00    122.92    150.00    122.92    27.08    0.00    249.495    
465.00    122.67    214.88    122.67    92.22    0.00    251.335    
470.00    122.32    214.88    122.32    92.56    0.00    254.789    
475.00    122.14    150.00    122.14    27.86    0.00    258.250    
480.00    122.25    230.00    122.25    107.75    0.00    260.117    
485.00    122.75    214.88    122.75    92.14    0.00    263.856    
490.00    123.01    214.88    123.01    91.88    0.00    267.309    
497.00    123.73    230.00    123.73    106.27    0.00    272.135    
500.00    124.48    150.90    124.48    26.42    0.00    274.363    
505.00    125.97    230.00    125.97    104.03    0.00    276.180    
510.00    126.52    224.48    126.52    97.97    0.00    279.853    
515.00    127.42    230.00    127.42    102.58    0.00    283.415    
520.00    128.36    150.00    128.36    21.64    0.04    287.061    
525.00    129.44    230.00    129.44    100.56    0.00    288.587    
530.00    130.35    150.00    130.35    19.65    0.05    292.197    
535.00    131.48    189.95    131.48    58.47    0.00    293.581    
540.00    132.95    230.00    132.95    97.05    0.00    296.317    
545.00    133.75    230.00    133.75    96.25    0.00    299.862    
550.00    134.31    230.00    134.31    95.69    0.00    303.392    
555.00    135.34    172.07    135.34    36.72    0.00    306.912    
560.00    137.12    230.00    137.12    92.88    0.00    309.065    
565.00    138.50    172.07    138.50    33.56    0.00    312.532    
570.00    139.19    230.00    139.19    90.81    0.00    314.588    
575.00    140.07    150.00    140.07    9.93    0.03    318.015    
580.00    141.18    230.00    141.18    88.82    0.00    318.714    
585.00    141.65    196.96    141.65    55.31    0.00    322.103    
590.00    142.54    230.00    142.54    87.46    0.00    324.762    
595.00    143.47    157.53    143.47    14.06    0.01    328.123    
600.00    144.57    200.79    144.57    56.22    0.00    329.116    
605.00    145.64    230.00    145.64    84.36    0.00    331.797    
610.00    147.10    150.00    147.10    2.90    0.00    335.098    
615.00    147.75    150.00    147.75    2.25    0.00    335.302    
620.00    148.71    150.00    148.71    1.29    0.04    335.461    
625.00    149.78    150.90    149.78    1.12    0.02    335.549    
630.00    150.69    230.00    150.69    79.31    0.00    335.627    
635.00    151.49    230.00    151.49    78.51    0.00    338.825    
640.00    152.41    230.00    152.41    77.59    0.00    342.007    
645.00    152.60    214.88    152.60    62.28    0.00    345.169    
650.00    153.22    230.00    153.22    76.78    0.00    347.995    
655.00    154.31    230.00    154.31    75.69    0.00    351.140    
660.00    155.04    180.07    155.04    25.03    0.00    354.263    
665.00    155.72    157.53    155.72    1.81    0.01    356.029    
670.00    157.06    211.96    157.06    54.90    0.00    356.157    
675.00    158.07    150.90    158.07    -7.17    0.00    358.806    
680.00    158.89    230.00    158.89    71.11    0.00    357.891    
685.00    159.62    230.00    159.62    70.38    0.00    360.915    
690.00    160.16    214.88    160.16    54.73    0.00    363.923    
695.00    160.56    230.00    160.56    69.44    0.00    366.568    
700.00    161.16    150.00    161.16    -11.16    0.00    369.556    
705.00    161.58    224.48    161.58    62.91    0.00    368.399    
710.00    162.14    230.00    162.14    67.86    0.00    371.239    
715.00    162.62    230.00    162.62    67.38    0.00    374.192    
720.00    162.82    224.48    162.82    61.66    0.00    377.135    
725.00    163.56    150.00    163.56    -13.56    0.00    379.946    
730.00    164.40    224.48    164.40    60.09    0.00    378.664    
735.00    164.63    230.00    164.63    65.37    0.00    381.438    
740.00    164.96    230.00    164.96    65.04    0.00    384.335    
745.00    164.96    230.00    164.96    65.04    0.00    387.224    
750.00    164.96    230.00    164.96    65.04    0.00    390.114    
755.00    164.99    230.00    164.99    65.01    0.00    393.003    
760.00    165.23    230.00    165.23    64.77    0.00    395.892    
765.00    165.25    163.79    165.25    -1.47    0.00    398.775    
770.00    165.59    230.00    165.59    64.41    0.00    398.394    
775.00    165.68    172.07    165.68    6.39    0.04    401.269    
780.00    166.09    230.00    166.09    63.91    0.00    401.718    
785.00    166.62    230.00    166.62    63.38    0.00    404.581    
790.00    167.24    224.48    167.24    57.24    0.00    407.433    
795.00    167.46    230.00    167.46    62.54    0.00    410.139    
800.00    167.58    230.00    167.58    62.42    0.00    412.971    
805.00    167.75    230.00    167.75    62.25    0.00    415.800    
810.00    167.54    230.00    167.54    62.46    0.00    418.626    
815.00    167.34    230.00    167.34    62.66    0.00    421.456    
820.00    167.41    150.00    167.41    -17.41    0.00    424.290    
825.00    167.22    163.79    167.22    -3.43    0.00    422.828    
830.00    166.86    150.00    166.86    -16.86    0.00    422.215    
835.00    167.06    157.53    167.06    -9.53    0.00    420.777    
840.00    167.06    230.00    167.06    62.94    0.00    419.712    
845.00    166.93    230.00    166.93    63.07    0.00    422.553    
850.00    167.30    150.00    167.30    -17.30    0.00    425.397    
855.00    168.21    230.00    168.21    61.79    0.00    423.940    
860.00    168.62    230.00    168.62    61.38    0.00    426.755    
865.00    168.53    200.79    168.53    32.27    0.00    429.560    
870.00    167.01    163.79    167.01    -3.22    0.00    431.575    
875.00    167.12    150.00    167.12    -17.12    0.00    430.982    
880.00    167.62    230.00    167.62    62.38    0.00    429.532    
885.00    167.51    189.95    167.51    22.44    0.04    432.361    
890.00    167.50    150.00    167.50    -17.50    0.00    433.942    
895.00    168.69    230.00    168.69    61.31    0.00    432.476    
900.00    168.69    230.00    168.69    61.31    0.00    435.280    
905.00    168.91    196.96    168.91    28.06    0.00    438.083    
910.00    169.77    230.00    169.77    60.23    0.00    439.957    
915.00    170.04    150.00    170.04    -20.04    0.00    442.735    
920.00    170.45    220.93    170.45    50.48    0.00    441.161    
925.00    171.03    163.79    171.03    -7.24    0.00    443.699    
930.00    171.47    189.95    171.47    18.49    0.04    442.779    
935.00    172.11    220.93    172.11    48.82    0.00    444.082    
940.00    173.02    157.53    173.02    -15.49    0.00    446.576    
945.00    174.06    150.00    174.06    -24.06    0.00    445.201    
950.00    174.83    150.00    174.83    -24.83    0.00    443.470    
955.00    177.04    230.00    177.04    52.96    0.00    441.711    
960.00    177.04    180.07    177.04    3.03    0.03    444.311    
965.00    177.80    189.95    177.80    12.15    0.00    444.523    
970.00    178.66    150.00    178.66    -28.66    0.00    445.381    
975.00    180.09    150.00    180.09    -30.09    0.00    443.487    
980.00    181.98    172.07    181.98    -9.91    0.00    441.543    
985.00    184.34    230.00    184.34    45.66    0.00    440.456    
990.00    187.52    163.79    187.52    -23.73    0.00    442.866    
995.00    189.77    150.00    189.77    -39.77    0.00    441.148    
1000.00    191.59    230.00    191.59    38.41    0.00    438.903    
1005.00    193.22    230.00    193.22    36.78    0.00    441.108    
1010.00    194.50    150.00    194.50    -44.50    0.00    443.263    
1015.00    195.66    230.00    195.66    34.34    0.00    440.885    
1021.00    196.21    224.48    196.21    28.27    0.00    443.382    
1025.00    196.52    224.48    196.52    27.97    0.00    444.887    
1030.00    197.65    230.00    197.65    32.35    0.00    446.758    
1035.00    197.91    230.00    197.91    32.09    0.00    448.776    
1040.00    197.91    150.00    197.91    -47.91    0.00    450.785    
1045.00    198.08    150.00    198.08    -48.08    0.00    448.315    
1050.00    198.24    230.00    198.24    31.76    0.00    445.840    
1055.00    198.27    230.00    198.27    31.73    0.00    447.839    
1060.00    197.61    230.00    197.61    32.39    0.00    449.836    
1065.00    196.89    230.00    196.89    33.11    0.00    451.855    
1070.00    196.67    150.00    196.67    -46.67    0.00    453.897    
1075.00    196.25    230.00    196.25    33.75    0.00    451.460    
1080.00    195.53    150.00    195.53    -45.53    0.00    453.522    
1085.00    194.52    150.90    194.52    -43.62    0.00    451.116    
1090.00    193.96    230.00    193.96    36.04    0.00    448.762    
1095.00    193.25    230.00    193.25    36.75    0.00    450.896    
1100.00    192.10    180.07    192.10    -12.03    0.00    453.050    
1105.00    190.88    230.00    190.88    39.12    0.00    451.846    
1110.00    190.10    150.90    190.10    -39.20    0.00    454.072    
1115.00    189.50    189.95    189.50    0.45    0.00    451.844    
1120.00    189.44    230.00    189.44    40.56    0.00    451.876    
1125.00    189.37    157.53    189.37    -31.84    0.00    454.143    
1130.00    189.59    150.00    189.59    -39.59    0.00    452.142    
1135.00    188.91    150.00    188.91    -38.91    0.00    449.903    
1140.00    187.91    230.00    187.91    42.09    0.00    447.684    
1145.00    187.13    150.00    187.13    -37.13    0.00    449.994    
1150.00    186.26    157.53    186.26    -28.73    0.00    447.828    
1155.00    184.45    200.79    184.45    16.34    0.04    445.931    
1160.00    184.45    172.07    184.45    -12.38    0.00    447.082    
1165.00    183.12    150.00    183.12    -33.12    0.00    445.859    
1170.00    181.95    172.07    181.95    -9.88    0.00    443.817    
1175.00    181.08    163.79    181.08    -17.29    0.00    442.732    
1182.00    180.67    157.53    180.67    -23.14    0.00    440.692    
1185.00    179.55    150.00    179.55    -29.55    0.00    439.675    
1190.00    178.50    150.00    178.50    -28.50    0.00    437.750    
1195.00    177.87    150.00    177.87    -27.87    0.00    435.860    
1200.00    176.42    230.00    176.42    53.58    0.00    433.993    
1205.00    175.05    230.00    175.05    54.95    0.00    436.609    
1210.00    175.05    189.95    175.05    14.90    0.00    439.259    
1215.00    174.19    163.79    174.19    -10.40    0.00    440.311    
1220.00    172.81    150.00    172.81    -22.81    0.00    439.196    
1225.00    171.60    214.88    171.60    43.28    0.00    437.513    
1230.00    170.60    230.00    170.60    59.40    0.00    439.857    
1235.00    169.83    230.00    169.83    60.17    0.00    442.615    
1241.00    168.44    157.53    168.44    -10.90    0.00    445.947    
1245.00    167.14    163.79    167.14    -3.35    0.00    445.032    
1250.00    166.08    180.07    166.08    13.99    0.04    444.426    
1255.00    165.16    150.00    165.16    -15.16    0.00    445.411    
1260.00    164.18    180.07    164.18    15.90    0.05    444.051    
1265.00    163.23    200.79    163.23    37.56    0.00    445.171    
1270.00    163.38    163.79    163.38    0.40    0.00    447.350    
1275.00    162.68    157.53    162.68    -5.14    0.00    447.378    
1280.00    161.07    150.00    161.07    -11.07    0.00    446.613    
1285.00    159.88    157.53    159.88    -2.35    0.00    445.460    
1290.00    159.10    180.07    159.10    20.97    0.02    444.963    
1295.00    157.88    230.00    157.88    72.12    0.00    446.442    
1300.00    156.48    214.88    156.48    58.40    0.00    449.488    
1305.00    155.42    211.96    155.42    56.54    0.00    452.223    
1310.00    154.55    163.79    154.55    9.24    0.04    454.912    
1315.00    153.30    230.00    153.30    76.70    0.00    455.562    
1320.00    152.12    230.00    152.12    77.88    0.00    458.705    
1325.00    150.71    150.90    150.71    0.19    0.04    461.874    
1330.00    150.14    214.88    150.14    64.74    0.00    461.884    
1335.00    148.69    230.00    148.69    81.31    0.00    464.767    
1340.00    147.24    163.79    147.24    16.55    0.00    468.006    
1345.00    146.00    230.00    146.00    84.00    0.00    469.175    
1350.00    144.35    230.00    144.35    85.65    0.00    472.468    
1355.00    143.21    172.07    143.21    28.86    0.00    475.794    
1360.00    142.69    230.00    142.69    87.31    0.00    477.696    
1365.00    141.77    230.00    141.77    88.23    0.00    481.055    
1370.00    140.02    214.88    140.02    74.86    0.00    484.432    
1375.00    138.88    150.00    138.88    11.12    0.02    487.537    
1380.00    137.53    163.79    137.53    26.26    0.00    488.320    
1385.00    136.41    157.53    136.41    21.13    0.03    490.132    
1390.00    136.46    230.00    136.46    93.54    0.00    491.622    
1395.00    136.30    230.00    136.30    93.70    0.00    495.101    
1400.00    135.68    230.00    135.68    94.32    0.00    498.583    
1407.00    134.74    180.07    134.74    45.34    0.00    503.474    
1410.00    134.60    224.48    134.60    89.88    0.00    504.915    
1415.00    134.93    230.00    134.93    95.07    0.00    508.324    
1420.00    134.53    230.00    134.53    95.47    0.00    511.832    
1425.00    133.82    214.88    133.82    81.06    0.00    515.347    
1430.00    132.90    230.00    132.90    97.10    0.00    518.581    
1435.00    132.17    230.00    132.17    97.83    0.00    522.127    
1440.00    131.19    230.00    131.19    98.81    0.00    525.687    
