time    grid demand      wind-nuclear generated      power to grid      power to h2 system      abandoned power      stored hydrogen      
0.00    264.50    429.76    264.50    165.26    0.00    0.000    
5.00    263.54    327.58    263.54    64.04    0.00    4.648    
10.00    262.18    460.00    262.18    197.82    0.00    7.514    
15.00    263.19    401.59    263.19    138.40    0.00    12.606    
20.00    263.36    344.14    263.36    80.78    0.00    16.853    
25.00    264.62    429.76    264.62    165.14    0.00    20.081    
30.00    265.45    429.76    265.45    164.31    0.00    24.728    
35.00    265.61    460.00    265.61    194.39    0.00    29.362    
40.00    267.51    460.00    267.51    192.49    0.00    34.409    
45.00    271.29    448.96    271.29    177.67    0.00    39.430    
50.00    272.09    460.00    272.09    187.91    0.00    44.252    
56.00    272.36    413.30    272.36    140.94    0.00    50.205    
60.00    272.13    301.80    272.13    29.67    0.00    53.635    
65.00    270.81    300.00    270.81    29.19    0.00    55.564    
71.00    270.56    460.00    270.56    189.44    0.00    57.859    
75.00    270.60    360.15    270.60    89.55    0.00    61.844    
80.00    273.58    460.00    273.58    186.42    0.00    65.247    
85.00    274.63    315.07    274.63    40.44    0.00    70.188    
90.00    274.19    315.07    274.19    40.88    0.00    72.451    
95.00    272.58    448.96    272.58    176.38    0.00    74.728    
100.00    271.25    460.00    271.25    188.75    0.00    79.532    
105.00    270.20    301.80    270.20    31.60    0.00    84.504    
110.00    268.82    379.90    268.82    111.08    0.00    86.497    
115.00    267.18    301.80    267.18    34.62    0.00    90.294    
120.00    264.59    460.00    264.59    195.41    0.00    92.384    
125.00    263.45    401.59    263.45    138.14    0.00    97.444    
130.00    263.24    300.00    263.24    36.76    0.00    101.687    
135.00    263.21    301.80    263.21    38.59    0.00    103.842    
140.00    263.10    315.07    263.10    51.97    0.00    106.052    
145.00    261.49    327.58    261.49    66.09    0.00    108.628    
150.00    259.89    460.00    259.89    200.11    0.00    111.541    
155.00    258.66    379.90    258.66    121.24    0.00    116.662    
160.00    257.73    327.58    257.73    69.85    0.00    120.633    
165.00    258.32    401.59    258.32    143.27    0.00    123.630    
170.00    257.59    344.14    257.59    86.55    0.00    127.952    
175.00    257.39    315.07    257.39    57.68    0.00    131.296    
180.00    257.39    301.80    257.39    44.41    0.00    134.013    
185.00    256.80    300.00    256.80    43.20    0.00    136.389    
190.00    258.20    460.00    258.20    201.80    0.00    138.731    
195.00    257.76    301.80    257.76    44.04    0.00    143.874    
200.00    256.14    327.58    256.14    71.44    0.00    146.240    
205.00    254.10    327.58    254.10    73.48    0.00    149.271    
210.00    251.98    393.92    251.98    141.94    0.00    152.347    
215.00    250.20    460.00    250.20    209.80    0.00    156.649    
220.00    249.00    460.00    249.00    211.00    0.00    161.895    
225.00    247.54    460.00    247.54    212.46    0.00    167.156    
230.00    246.16    344.14    246.16    97.98    0.00    172.435    
235.00    244.55    300.00    244.55    55.45    0.00    175.998    
240.00    243.29    300.00    243.29    56.71    0.00    178.660    
245.00    242.72    300.00    242.72    57.28    0.00    181.354    
250.00    241.36    379.90    241.36    138.54    0.00    184.061    
255.00    240.77    401.59    240.77    160.82    0.00    188.310    
260.00    239.84    460.00    239.84    220.16    0.00    192.894    
265.00    239.93    344.14    239.93    104.21    0.00    198.270    
270.00    240.01    401.59    240.01    161.58    0.00    201.946    
275.00    239.02    300.00    239.02    60.98    0.00    206.541    
280.00    238.66    344.14    238.66    105.48    0.00    209.336    
285.00    237.85    460.00    237.85    222.15    0.00    213.035    
290.00    237.49    315.07    237.49    77.58    0.00    218.435    
295.00    237.66    460.00    237.66    222.34    0.00    221.597    
300.00    237.82    460.00    237.82    222.18    0.00    227.000    
305.00    238.37    448.96    238.37    210.59    0.00    232.400    
310.00    237.55    460.00    237.55    222.45    0.00    237.656    
315.00    237.82    379.90    237.82    142.08    0.00    243.060    
320.00    239.26    448.96    239.26    209.70    0.00    247.364    
325.00    239.39    460.00    239.39    220.61    0.00    252.609    
330.00    238.87    393.92    238.87    155.05    0.00    257.990    
336.00    238.27    327.58    238.27    89.31    0.00    263.390    
340.00    237.51    460.00    237.51    222.49    0.00    266.108    
345.00    237.22    344.14    237.22    106.92    0.00    271.513    
350.00    238.13    429.76    238.13    191.63    0.00    275.237    
355.00    238.13    344.14    238.13    106.01    0.00    280.247    
360.00    239.80    429.76    239.80    189.96    0.00    283.956    
365.00    240.40    460.00    240.40    219.60    0.00    288.944    
370.00    244.29    460.00    244.29    215.71    0.00    294.313    
375.00    246.84    393.92    246.84    147.08    0.00    299.633    
380.00    246.82    460.00    246.82    213.18    0.00    304.013    
385.00    247.23    327.58    247.23    80.35    0.00    309.302    
390.00    248.42    460.00    248.42    211.58    0.00    312.521    
395.00    249.60    460.00    249.60    210.40    0.00    317.790    
400.00    249.96    344.14    249.96    94.18    0.00    323.043    
405.00    250.19    301.80    250.19    51.61    0.00    326.534    
410.00    250.41    460.00    250.41    209.59    0.00    329.101    
415.00    250.48    360.15    250.48    109.67    0.00    334.344    
420.00    252.12    327.58    252.12    75.46    0.00    338.117    
425.00    253.41    429.76    253.41    176.35    0.00    341.234    
430.00    249.72    460.00    249.72    210.28    0.00    346.038    
435.00    249.06    460.00    249.06    210.94    0.00    351.290    
440.00    248.02    360.15    248.02    112.13    0.00    356.550    
445.00    247.19    379.90    247.19    132.71    0.00    360.366    
450.00    246.13    327.58    246.13    81.45    0.00    364.524    
455.00    246.13    327.58    246.13    81.45    0.00    367.765    
460.00    245.84    460.00    245.84    214.16    0.00    371.007    
465.00    245.33    448.96    245.33    203.63    0.00    376.308    
470.00    244.64    300.00    244.64    55.36    0.00    381.475    
475.00    244.28    300.00    244.28    55.72    0.00    384.135    
480.00    244.49    448.96    244.49    204.47    0.00    386.805    
485.00    245.49    460.00    245.49    214.51    0.00    391.983    
490.00    246.01    360.15    246.01    114.14    0.00    397.288    
497.00    247.45    327.58    247.45    80.13    0.00    402.679    
500.00    248.96    300.00    248.96    51.04    0.00    404.607    
505.00    251.93    300.00    251.93    48.07    0.00    407.159    
510.00    253.03    300.00    253.03    46.97    0.00    409.633    
515.00    254.84    327.58    254.84    72.74    0.00    412.078    
520.00    256.72    460.00    256.72    203.28    0.00    415.138    
525.00    258.87    448.96    258.87    190.09    0.00    420.301    
530.00    260.71    315.07    260.71    54.36    0.00    425.291    
535.00    262.96    460.00    262.96    197.04    0.00    427.926    
540.00    265.90    401.59    265.90    135.69    0.00    433.008    
545.00    267.50    460.00    267.50    192.50    0.00    437.212    
550.00    268.62    460.00    268.62    191.38    0.00    442.234    
555.00    270.69    460.00    270.69    189.31    0.00    447.241    
560.00    274.25    460.00    274.25    185.75    0.00    452.221    
565.00    277.01    379.90    277.01    102.89    0.00    457.153    
570.00    278.39    300.00    278.39    21.61    0.01    460.805    
575.00    280.14    448.96    280.14    168.82    0.00    462.330    
580.00    282.35    460.00    282.35    177.65    0.00    467.029    
585.00    283.30    300.00    283.30    16.70    0.05    471.850    
590.00    285.08    460.00    285.08    174.92    0.00    473.026    
595.00    286.95    300.00    286.95    13.05    0.00    477.810    
600.00    289.14    300.00    289.14    10.86    0.01    478.731    
605.00    291.28    315.07    291.28    23.79    0.04    479.497    
610.00    294.20    360.15    294.20    65.95    0.00    481.174    
615.00    295.50    327.58    295.50    32.08    0.00    484.084    
620.00    297.42    300.00    297.42    2.58    0.03    486.093    
625.00    299.56    460.00    299.56    160.44    0.00    486.273    
630.00    301.38    300.00    301.38    -1.38    0.00    490.851    
635.00    302.97    344.14    302.97    41.17    0.00    490.483    
640.00    304.81    429.76    304.81    124.95    0.00    492.768    
645.00    305.20    300.00    305.20    -5.20    0.00    496.800    
650.00    306.45    448.96    306.45    142.51    0.00    496.030    
655.00    308.62    423.91    308.62    115.29    0.00    500.341    
660.00    310.08    300.00    310.08    -10.08    0.00    504.211    
665.00    311.45    393.92    311.45    82.47    0.00    503.114    
670.00    314.11    300.00    314.11    -14.11    0.00    506.377    
675.00    316.14    460.00    316.14    143.86    0.00    505.067    
680.00    317.78    460.00    317.78    142.22    0.00    509.399    
685.00    319.24    360.15    319.24    40.91    0.00    513.705    
690.00    320.31    315.07    320.31    -5.24    0.00    515.982    
695.00    321.11    460.00    321.11    138.89    0.00    515.209    
700.00    322.31    448.96    322.31    126.65    0.00    519.464    
705.00    323.15    301.80    323.15    -21.35    0.00    523.524    
710.00    324.28    379.90    324.28    55.62    0.00    521.897    
715.00    325.23    315.07    325.23    -10.16    0.00    524.564    
720.00    325.64    460.00    325.64    134.36    0.00    523.463    
725.00    327.12    301.80    327.12    -25.32    0.00    527.646    
730.00    328.79    460.00    328.79    131.21    0.00    525.869    
735.00    329.27    327.58    329.27    -1.69    0.00    530.003    
740.00    329.91    460.00    329.91    130.09    0.00    529.589    
745.00    329.91    300.00    329.91    -29.91    0.00    533.705    
750.00    329.92    460.00    329.92    130.08    0.00    531.768    
755.00    329.98    360.15    329.98    30.17    0.00    535.883    
760.00    330.46    315.07    330.46    -15.39    0.00    537.829    
765.00    330.51    460.00    330.51    129.49    0.00    536.458    
770.00    331.17    393.92    331.17    62.75    0.00    540.564    
775.00    331.35    460.00    331.35    128.65    0.00    543.401    
780.00    332.18    344.14    332.18    11.96    0.01    547.493    
785.00    333.24    327.58    333.24    -5.66    0.00    548.337    
790.00    334.48    301.80    334.48    -32.68    0.00    547.531    
795.00    334.91    460.00    334.91    125.09    0.00    545.503    
800.00    335.15    460.00    335.15    124.85    0.00    549.537    
805.00    335.50    300.00    335.50    -35.50    0.00    553.568    
810.00    335.08    460.00    335.08    124.92    0.00    551.451    
815.00    334.69    315.07    334.69    -19.62    0.00    555.483    
820.00    334.82    429.76    334.82    94.94    0.00    553.926    
825.00    334.44    315.07    334.44    -19.37    0.00    557.432    
830.00    333.72    360.15    333.72    26.43    0.00    555.886    
835.00    334.13    429.76    334.13    95.63    0.00    557.703    
840.00    334.13    448.96    334.13    114.83    0.00    561.221    
845.00    333.85    401.59    333.85    67.74    0.00    565.084    
850.00    334.60    460.00    334.60    125.40    0.00    568.034    
855.00    336.41    460.00    336.41    123.59    0.00    572.073    
860.00    337.24    300.00    337.24    -37.24    0.00    576.083    
865.00    337.05    460.00    337.05    122.95    0.00    573.913    
870.00    334.02    460.00    334.02    125.98    0.00    577.913    
875.00    334.24    344.14    334.24    9.90    0.05    581.961    
880.00    335.25    315.07    335.25    -20.18    0.00    582.657    
885.00    335.02    327.58    335.02    -7.44    0.00    581.078    
890.00    334.99    327.58    334.99    -7.41    0.00    580.144    
895.00    337.39    300.00    337.39    -37.39    0.00    579.213    
900.00    337.39    460.00    337.39    122.61    0.00    577.039    
905.00    337.81    379.90    337.81    42.09    0.00    581.032    
910.00    339.54    460.00    339.54    120.46    0.00    583.343    
915.00    340.08    344.14    340.08    4.06    0.01    587.301    
920.00    340.90    300.00    340.90    -40.90    0.00    587.587    
925.00    342.06    327.58    342.06    -14.48    0.00    585.310    
930.00    342.93    300.00    342.93    -42.93    0.00    583.982    
935.00    344.22    300.00    344.22    -44.22    0.00    581.648    
940.00    346.04    300.00    346.04    -46.04    0.00    579.278    
945.00    348.13    460.00    348.13    111.87    0.00    576.858    
950.00    349.65    344.14    349.65    -5.51    0.00    580.669    
955.00    354.08    327.58    354.08    -26.50    0.00    579.874    
960.00    354.08    300.00    354.08    -54.08    0.00    578.055    
965.00    355.60    460.00    355.60    104.40    0.00    575.426    
970.00    357.31    460.00    357.31    102.69    0.00    579.106    
975.00    360.19    429.76    360.19    69.57    0.00    582.754    
980.00    363.96    460.00    363.96    96.04    0.00    585.745    
985.00    368.69    379.90    368.69    11.21    0.01    589.271    
990.00    375.03    300.00    375.03    -75.03    0.00    590.062    
995.00    379.54    460.00    379.54    80.46    0.00    586.954    
1000.00    383.19    360.15    383.19    -23.04    0.00    590.175    
1005.00    386.44    379.90    386.44    -6.54    0.00    588.483    
1010.00    389.01    448.96    389.01    59.95    0.00    587.612    
1015.00    391.32    300.00    391.32    -91.32    0.00    590.383    
1021.00    392.42    360.15    392.42    -32.27    0.00    586.259    
1025.00    393.03    460.00    393.03    66.97    0.00    584.647    
1030.00    395.30    460.00    395.30    64.70    0.00    587.580    
1035.00    395.81    301.80    395.81    -94.01    0.00    590.462    
1040.00    395.81    435.17    395.81    39.36    0.00    586.974    
1045.00    396.16    300.00    396.16    -96.16    0.00    589.206    
1050.00    396.48    301.80    396.48    -94.68    0.00    585.678    
1055.00    396.53    300.00    396.53    -96.53    0.00    582.177    
1060.00    395.21    460.00    395.21    64.79    0.00    578.642    
1065.00    393.78    460.00    393.78    66.22    0.00    581.526    
1070.00    393.34    401.59    393.34    8.25    0.05    584.442    
1075.00    392.50    460.00    392.50    67.50    0.00    585.021    
1080.00    391.06    301.80    391.06    -89.26    0.00    587.966    
1085.00    389.04    460.00    389.04    70.96    0.00    584.569    
1090.00    387.91    301.80    387.91    -86.11    0.00    587.590    
1095.00    386.49    344.14    386.49    -42.35    0.00    584.255    
1100.00    384.20    460.00    384.20    75.80    0.00    581.936    
1105.00    381.77    460.00    381.77    78.23    0.00    585.061    
1110.00    380.21    344.14    380.21    -36.07    0.00    588.237    
1115.00    379.00    460.00    379.00    81.00    0.00    586.103    
1120.00    378.89    300.00    378.89    -78.89    0.00    589.335    
1125.00    378.74    300.00    378.74    -78.74    0.00    586.146    
1130.00    379.18    448.96    379.18    69.78    0.00    582.960    
1135.00    377.81    413.30    377.81    35.49    0.00    585.955    
1140.00    375.82    460.00    375.82    84.18    0.00    588.071    
1145.00    374.26    300.00    374.26    -74.26    0.00    591.368    
1150.00    372.52    460.00    372.52    87.48    0.00    588.276    
1155.00    368.90    300.00    368.90    -68.90    0.00    591.638    
1160.00    368.90    460.00    368.90    91.10    0.00    588.662    
1165.00    366.25    360.15    366.25    -6.10    0.00    592.095    
1170.00    363.90    300.00    363.90    -63.90    0.00    591.255    
1175.00    362.16    460.00    362.16    97.84    0.00    588.392    
1182.00    361.34    300.00    361.34    -61.34    0.00    593.376    
1185.00    359.09    460.00    359.09    100.91    0.00    591.693    
1190.00    357.00    315.07    357.00    -41.93    0.00    595.310    
1195.00    355.73    300.00    355.73    -55.73    0.00    593.003    
1200.00    352.84    344.14    352.84    -8.70    0.00    590.334    
1205.00    350.10    460.00    350.10    109.90    0.00    589.319    
1210.00    350.10    460.00    350.10    109.90    0.00    593.096    
1215.00    348.38    401.59    348.38    53.21    0.00    596.873    
1220.00    345.62    301.80    345.62    -43.82    0.00    599.480    
1225.00    343.21    448.96    343.21    105.75    0.00    597.121    
1230.00    341.21    300.00    341.21    -41.21    0.00    600.824    
1235.00    339.66    379.90    339.66    40.24    0.00    598.539    
1241.00    336.87    300.00    336.87    -36.87    0.00    601.248    
1245.00    334.28    300.00    334.28    -34.28    0.00    599.521    
1250.00    332.16    360.15    332.16    27.99    0.00    597.443    
1255.00    330.32    460.00    330.32    129.68    0.00    599.314    
1260.00    328.35    327.58    328.35    -0.77    0.00    603.423    
1265.00    326.46    315.07    326.46    -11.39    0.00    603.162    
1270.00    326.77    300.00    326.77    -26.77    0.00    601.991    
1275.00    325.35    379.90    325.35    54.55    0.00    600.162    
1280.00    322.14    460.00    322.14    137.86    0.00    602.803    
1285.00    319.76    360.15    319.76    40.39    0.00    607.041    
1290.00    318.20    300.00    318.20    -18.20    0.00    609.304    
1295.00    315.75    401.59    315.75    85.84    0.00    607.807    
1300.00    312.96    300.00    312.96    -12.96    0.00    611.137    
1305.00    310.84    300.00    310.84    -10.84    0.00    609.885    
1310.00    309.09    327.58    309.09    18.49    0.04    608.745    
1315.00    306.59    401.59    306.59    95.00    0.00    610.048    
1320.00    304.24    448.96    304.24    144.72    0.00    613.554    
1325.00    301.42    300.00    301.42    -1.42    0.00    617.899    
1330.00    300.28    300.00    300.28    -0.28    0.00    617.525    
1335.00    297.39    401.59    297.39    104.20    0.00    617.386    
1340.00    294.47    460.00    294.47    165.53    0.00    621.061    
1345.00    291.99    300.00    291.99    8.01    0.01    625.713    
1350.00    288.71    460.00    288.71    171.29    0.00    626.278    
1355.00    286.41    460.00    286.41    173.59    0.00    631.011    
1360.00    285.37    401.59    285.37    116.22    0.00    635.776    
1365.00    283.53    460.00    283.53    176.47    0.00    639.662    
1370.00    280.04    315.07    280.04    35.03    0.00    644.468    
1375.00    277.77    448.96    277.77    171.19    0.00    646.570    
1380.00    275.05    344.14    275.05    69.09    0.00    651.301    
1385.00    272.81    460.00    272.81    187.19    0.00    654.281    
1390.00    272.91    429.76    272.91    156.85    0.00    659.233    
1395.00    272.60    460.00    272.60    187.40    0.00    663.759    
1400.00    271.36    401.59    271.36    130.23    0.00    668.713    
1407.00    269.47    401.59    269.47    132.12    0.00    674.478    
1410.00    269.21    360.15    269.21    90.94    0.00    676.966    
1415.00    269.85    300.00    269.85    30.15    0.00    680.396    
1420.00    269.07    460.00    269.07    190.93    0.00    682.341    
1425.00    267.65    300.00    267.65    32.35    0.00    687.342    
1430.00    265.79    460.00    265.79    194.21    0.00    689.360    
1435.00    264.34    460.00    264.34    195.66    0.00    694.404    
1440.00    262.37    401.59    262.37    139.22    0.00    699.468    
